0.010632 1.000000
0.021252 2.000000
0.032308 3.000000
0.042340 4.000000
0.053616 5.000000
0.064888 6.000000
0.075984 7.000000
0.086988 8.000000
0.097828 9.000000
0.108648 10.000000
0.119940 11.000000
0.131092 12.000000
0.141716 13.000000
0.152384 14.000000
0.163476 15.000000
0.175488 16.000000
0.186348 17.000000
0.196312 18.000000
0.207256 19.000000
0.217944 20.000000
0.229108 21.000000
0.240512 22.000000
0.251524 23.000000
0.263232 24.000000
0.273536 25.000000
0.284556 26.000000
0.295032 27.000000
0.305624 28.000000
0.316888 29.000000
0.328280 30.000000
0.339324 31.000000
0.350256 32.000000
0.360808 33.000000
0.372612 34.000000
0.383224 35.000000
0.393656 36.000000
0.404788 37.000000
0.415892 38.000000
0.427516 39.000000
0.438576 40.000000
0.449840 41.000000
0.460996 42.000000
0.472716 43.000000
0.483300 44.000000
0.495296 45.000000
0.507248 46.000000
0.519016 47.000000
0.530640 48.000000
0.542100 49.000000
0.553720 50.000000
0.565532 51.000000
0.577304 52.000000
0.588608 53.000000
0.600176 54.000000
0.930400 55.000000
0.941628 56.000000
0.952892 57.000000
0.963984 58.000000
0.974952 59.000000
0.985812 60.000000
0.996632 61.000000
1.007932 62.000000
1.018972 63.000000
1.029772 64.000000
1.040376 65.000000
1.051432 66.000000
1.063288 67.000000
1.074100 68.000000
1.084100 69.000000
1.094964 70.000000
1.105588 71.000000
1.116712 72.000000
1.128024 73.000000
1.138972 74.000000
1.150616 75.000000
1.160880 76.000000
1.171832 77.000000
1.182252 78.000000
1.192784 79.000000
1.203976 80.000000
1.215300 81.000000
1.226312 82.000000
1.237180 83.000000
1.247580 84.000000
1.259260 85.000000
1.269784 86.000000
1.280108 87.000000
1.291168 88.000000
1.302224 89.000000
1.313784 90.000000
1.324808 91.000000
1.335964 92.000000
1.347104 93.000000
1.358816 94.000000
1.369196 95.000000
1.381212 96.000000
1.393152 97.000000
1.404888 98.000000
1.416524 99.000000
1.427996 100.000000
1.439480 101.000000
1.451440 102.000000
1.463176 103.000000
1.474636 104.000000
1.486072 105.000000
1.497812 106.000000
1.510048 107.000000
1.521552 108.000000
1.532612 109.000000
1.843780 110.000000
1.854964 111.000000
1.865980 112.000000
1.876920 113.000000
1.887936 114.000000
1.899216 115.000000
1.910316 116.000000
1.921176 117.000000
1.931864 118.000000
1.942992 119.000000
1.954676 120.000000
1.965548 121.000000
1.975744 122.000000
1.986632 123.000000
1.997268 124.000000
2.008400 125.000000
2.019676 126.000000
2.030596 127.000000
2.042184 128.000000
2.052480 129.000000
2.063436 130.000000
2.073808 131.000000
2.084352 132.000000
2.095512 133.000000
2.106796 134.000000
2.117772 135.000000
2.128656 136.000000
2.139080 137.000000
2.150780 138.000000
2.161312 139.000000
2.171680 140.000000
2.182740 141.000000
2.193804 142.000000
2.205244 143.000000
2.216276 144.000000
2.227384 145.000000
2.238528 146.000000
2.250180 147.000000
2.260512 148.000000
2.272628 149.000000
2.284692 150.000000
2.296476 151.000000
2.308080 152.000000
2.319608 153.000000
2.331052 154.000000
2.343060 155.000000
2.354820 156.000000
2.366344 157.000000
2.377732 158.000000
2.389584 159.000000
2.401940 160.000000
2.413472 161.000000
2.424456 162.000000
2.436152 163.000000
2.471388 164.000000
2.763648 165.000000
2.774852 166.000000
2.785956 167.000000
2.797304 168.000000
2.808612 169.000000
2.819504 170.000000
2.830436 171.000000
2.841680 172.000000
2.853412 173.000000
2.864384 174.000000
2.874744 175.000000
2.885748 176.000000
2.896468 177.000000
2.907644 178.000000
2.919012 179.000000
2.930056 180.000000
2.941692 181.000000
2.952096 182.000000
2.963092 183.000000
2.973576 184.000000
2.984216 185.000000
2.995384 186.000000
3.006684 187.000000
3.017712 188.000000
3.028612 189.000000
3.039116 190.000000
3.050864 191.000000
3.061452 192.000000
3.071848 193.000000
3.082972 194.000000
3.094116 195.000000
3.105636 196.000000
3.116728 197.000000
3.127908 198.000000
3.139136 199.000000
3.150848 200.000000
3.161148 201.000000
3.173364 202.000000
3.185532 203.000000
3.197404 204.000000
3.209032 205.000000
3.220616 206.000000
3.232180 207.000000
3.244236 208.000000
3.256100 209.000000
3.267668 210.000000
3.279124 211.000000
3.291088 212.000000
3.303636 213.000000
3.315288 214.000000
3.326300 215.000000
3.338024 216.000000
3.349596 217.000000
3.361528 218.000000
3.373552 219.000000
3.385488 220.000000
3.397500 221.000000
3.408968 222.000000
3.420496 223.000000
3.705984 224.000000
3.717476 225.000000
3.728528 226.000000
3.739796 227.000000
3.751128 228.000000
3.763052 229.000000
3.774200 230.000000
3.784748 231.000000
3.795912 232.000000
3.806864 233.000000
3.818148 234.000000
3.829620 235.000000
3.840852 236.000000
3.852516 237.000000
3.863148 238.000000
3.874204 239.000000
3.884956 240.000000
3.895692 241.000000
3.906944 242.000000
3.918316 243.000000
3.929544 244.000000
3.940548 245.000000
3.951216 246.000000
3.963100 247.000000
3.973800 248.000000
3.984288 249.000000
3.995520 250.000000
4.006776 251.000000
4.018432 252.000000
4.029648 253.000000
4.040964 254.000000
4.052340 255.000000
4.064208 256.000000
4.074608 257.000000
4.086992 258.000000
4.099304 259.000000
4.111320 260.000000
4.123068 261.000000
4.134776 262.000000
4.146528 263.000000
4.158756 264.000000
4.170840 265.000000
4.182416 266.000000
4.193996 267.000000
4.206116 268.000000
4.218932 269.000000
4.230748 270.000000
4.241892 271.000000
4.253820 272.000000
4.265488 273.000000
4.277600 274.000000
4.289856 275.000000
4.301924 276.000000
4.314228 277.000000
4.325812 278.000000
4.337540 279.000000
4.349224 280.000000
4.629600 281.000000
4.641344 282.000000
4.652688 283.000000
4.664192 284.000000
4.675784 285.000000
4.687844 286.000000
4.699248 287.000000
4.710068 288.000000
4.721460 289.000000
4.732648 290.000000
4.744152 291.000000
4.755804 292.000000
4.767264 293.000000
4.779092 294.000000
4.789924 295.000000
4.801168 296.000000
4.812140 297.000000
4.823076 298.000000
4.834508 299.000000
4.846072 300.000000
4.857500 301.000000
4.868668 302.000000
4.879568 303.000000
4.891664 304.000000
4.902572 305.000000
4.913260 306.000000
4.924712 307.000000
4.936160 308.000000
4.948000 309.000000
4.959400 310.000000
4.970908 311.000000
4.982496 312.000000
4.994600 313.000000
5.005196 314.000000
5.017824 315.000000
5.030372 316.000000
5.042612 317.000000
5.054568 318.000000
5.066496 319.000000
5.078492 320.000000
5.090960 321.000000
5.103300 322.000000
5.115020 323.000000
5.126856 324.000000
5.139176 325.000000
5.152344 326.000000
5.164384 327.000000
5.175748 328.000000
5.187928 329.000000
5.199844 330.000000
5.212248 331.000000
5.224796 332.000000
5.237136 333.000000
5.249736 334.000000
5.261512 335.000000
5.273496 336.000000
5.285400 337.000000
5.297280 338.000000
5.572564 339.000000
5.584580 340.000000
5.596208 341.000000
5.608016 342.000000
5.619908 343.000000
5.632248 344.000000
5.643920 345.000000
5.654996 346.000000
5.666672 347.000000
5.678156 348.000000
5.689960 349.000000
5.701916 350.000000
5.713656 351.000000
5.725760 352.000000
5.736844 353.000000
5.748376 354.000000
5.759636 355.000000
5.770852 356.000000
5.782568 357.000000
5.794400 358.000000
5.806092 359.000000
5.817528 360.000000
5.828708 361.000000
5.841120 362.000000
5.852308 363.000000
5.863256 364.000000
5.874992 365.000000
5.886732 366.000000
5.898900 367.000000
5.910616 368.000000
5.922440 369.000000
5.934328 370.000000
5.946716 371.000000
5.957568 372.000000
5.970500 373.000000
5.983356 374.000000
5.995920 375.000000
6.008196 376.000000
6.020428 377.000000
6.032720 378.000000
6.045508 379.000000
6.058180 380.000000
6.070292 381.000000
6.082468 382.000000
6.095184 383.000000
6.108640 384.000000
6.121012 385.000000
6.132692 386.000000
6.145212 387.000000
6.157492 388.000000
6.170236 389.000000
6.183104 390.000000
6.195756 391.000000
6.208616 392.000000
6.220752 393.000000
6.233012 394.000000
6.538680 395.000000
6.550988 396.000000
6.562804 397.000000
6.574880 398.000000
6.587052 399.000000
6.599888 400.000000
6.611860 401.000000
6.623192 402.000000
6.635168 403.000000
6.646880 404.000000
6.659000 405.000000
6.671348 406.000000
6.683388 407.000000
6.695980 408.000000
6.707384 409.000000
6.719280 410.000000
6.730776 411.000000
6.742308 412.000000
6.754404 413.000000
6.766652 414.000000
6.778692 415.000000
6.790536 416.000000
6.802008 417.000000
6.814804 418.000000
6.826336 419.000000
6.837636 420.000000
6.849760 421.000000
6.861888 422.000000
6.874452 423.000000
6.886548 424.000000
6.898740 425.000000
6.910988 426.000000
6.923772 427.000000
6.935052 428.000000
6.948404 429.000000
6.961704 430.000000
6.974684 431.000000
6.987412 432.000000
7.000108 433.000000
7.012784 434.000000
7.025976 435.000000
7.038940 436.000000
7.051608 437.000000
7.064148 438.000000
7.077256 439.000000
7.091024 440.000000
7.103848 441.000000
7.115984 442.000000
7.128860 443.000000
7.141556 444.000000
7.154652 445.000000
7.167836 446.000000
7.181016 447.000000
7.194204 448.000000
7.206760 449.000000
7.480684 450.000000
7.493180 451.000000
7.505620 452.000000
7.518072 453.000000
7.530864 454.000000
7.543484 455.000000
7.555832 456.000000
7.568004 457.000000
7.580700 458.000000
7.593972 459.000000
7.606312 460.000000
7.617888 461.000000
7.630256 462.000000
7.642364 463.000000
7.655052 464.000000
7.667888 465.000000
7.680308 466.000000
7.693476 467.000000
7.705176 468.000000
7.717644 469.000000
7.729480 470.000000
7.741500 471.000000
7.754228 472.000000
7.767072 473.000000
7.779552 474.000000
7.791920 475.000000
7.803764 476.000000
7.817084 477.000000
7.829096 478.000000
7.840936 479.000000
7.853600 480.000000
7.866268 481.000000
7.879388 482.000000
7.892016 483.000000
7.904752 484.000000
7.917536 485.000000
7.930936 486.000000
7.942860 487.000000
7.956752 488.000000
7.970572 489.000000
7.984068 490.000000
7.997516 491.000000
8.010748 492.000000
8.023952 493.000000
8.037776 494.000000
8.051296 495.000000
8.064564 496.000000
8.077676 497.000000
8.091304 498.000000
8.105508 499.000000
8.118824 500.000000
8.131644 501.000000
8.466168 502.000000
8.479440 503.000000
8.492776 504.000000
8.505896 505.000000
8.518896 506.000000
8.531772 507.000000
8.544592 508.000000
8.557992 509.000000
8.571096 510.000000
8.583880 511.000000
8.596412 512.000000
8.609464 513.000000
8.623640 514.000000
8.636512 515.000000
8.648388 516.000000
8.661360 517.000000
8.674016 518.000000
8.687208 519.000000
8.700668 520.000000
8.713708 521.000000
8.727616 522.000000
8.739884 523.000000
8.752976 524.000000
8.765412 525.000000
8.777972 526.000000
8.791336 527.000000
8.804852 528.000000
8.817976 529.000000
8.830976 530.000000
8.843548 531.000000
8.857604 532.000000
8.870224 533.000000
8.882704 534.000000
8.896000 535.000000
8.909304 536.000000
8.923200 537.000000
8.936436 538.000000
8.949952 539.000000
8.963328 540.000000
8.977392 541.000000
8.990164 542.000000
9.004596 543.000000
9.018928 544.000000
9.033084 545.000000
9.047064 546.000000
9.060980 547.000000
9.074956 548.000000
9.089208 549.000000
9.103404 550.000000
9.373844 551.000000
9.386452 552.000000
9.399936 553.000000
9.425372 554.000000
9.451216 555.000000
9.464592 556.000000
9.477460 557.000000
9.490608 558.000000
9.503644 559.000000
9.517348 560.000000
9.529560 561.000000
9.543608 562.000000
9.557716 563.000000
9.571608 564.000000
9.585252 565.000000
9.598772 566.000000
9.612304 567.000000
9.626424 568.000000
9.640392 569.000000
9.653596 570.000000
9.667016 571.000000
9.681056 572.000000
9.696240 573.000000
9.709936 574.000000
9.722436 575.000000
9.736228 576.000000
9.749740 577.000000
9.763856 578.000000
9.778288 579.000000
9.792224 580.000000
9.807016 581.000000
9.820156 582.000000
9.834152 583.000000
9.847528 584.000000
9.861048 585.000000
9.875156 586.000000
9.889496 587.000000
9.903572 588.000000
9.917356 589.000000
9.930944 590.000000
9.945708 591.000000
9.959168 592.000000
9.973112 593.000000
10.275384 594.000000
10.344452 595.000000
10.358380 596.000000
10.372508 597.000000
10.385700 598.000000
10.399348 599.000000
10.412596 600.000000
10.425820 601.000000
10.439584 602.000000
10.453460 603.000000
10.467148 604.000000
10.480580 605.000000
10.493880 606.000000
10.508348 607.000000
10.521432 608.000000
10.534460 609.000000
10.548252 610.000000
10.562024 611.000000
10.576420 612.000000
10.590212 613.000000
10.604180 614.000000
10.618232 615.000000
10.632952 616.000000
10.645872 617.000000
10.661264 618.000000
10.676604 619.000000
10.691596 620.000000
10.706228 621.000000
10.720852 622.000000
10.735588 623.000000
10.750940 624.000000
10.766152 625.000000
10.780644 626.000000
10.795240 627.000000
10.810472 628.000000
10.826632 629.000000
10.841512 630.000000
10.855572 631.000000
10.870652 632.000000
10.885452 633.000000
10.900820 634.000000
10.916360 635.000000
10.931776 636.000000
10.947324 637.000000
10.962140 638.000000
10.977016 639.000000
11.270476 640.000000
11.285452 641.000000
11.300240 642.000000
11.314908 643.000000
11.329680 644.000000
11.344880 645.000000
11.359792 646.000000
11.374376 647.000000
11.388764 648.000000
11.403720 649.000000
11.419628 650.000000
11.434244 651.000000
11.447756 652.000000
11.462428 653.000000
11.476828 654.000000
11.491928 655.000000
11.507276 656.000000
11.522140 657.000000
11.537908 658.000000
11.551828 659.000000
11.566704 660.000000
11.580884 661.000000
11.595244 662.000000
11.610508 663.000000
11.625924 664.000000
11.640912 665.000000
11.655760 666.000000
11.670172 667.000000
11.686224 668.000000
11.700628 669.000000
11.715004 670.000000
11.730300 671.000000
11.745708 672.000000
11.761692 673.000000
11.777092 674.000000
11.792836 675.000000
11.808448 676.000000
11.824748 677.000000
11.839704 678.000000
11.856284 679.000000
11.872920 680.000000
11.889324 681.000000
11.905372 682.000000
11.921472 683.000000
11.953820 684.000000
11.970072 685.000000
12.172404 686.000000
12.187292 687.000000
12.202104 688.000000
12.216832 689.000000
12.231684 690.000000
12.246972 691.000000
12.261996 692.000000
12.276816 693.000000
12.291328 694.000000
12.307112 695.000000
12.321516 696.000000
12.336180 697.000000
12.351344 698.000000
12.366460 699.000000
12.382308 700.000000
12.397376 701.000000
12.412652 702.000000
12.428048 703.000000
12.444348 704.000000
12.458840 705.000000
12.476128 706.000000
12.493296 707.000000
12.509976 708.000000
12.526288 709.000000
12.542712 710.000000
12.559184 711.000000
12.576380 712.000000
12.593408 713.000000
12.609700 714.000000
12.626376 715.000000
12.643540 716.000000
12.661812 717.000000
12.678432 718.000000
12.694348 719.000000
12.711576 720.000000
12.728332 721.000000
12.745540 722.000000
12.762928 723.000000
12.780304 724.000000
12.797848 725.000000
12.814388 726.000000
13.153496 727.000000
13.170060 728.000000
13.186580 729.000000
13.203056 730.000000
13.219616 731.000000
13.236924 732.000000
13.253808 733.000000
13.270216 734.000000
13.286384 735.000000
13.303304 736.000000
13.321764 737.000000
13.338496 738.000000
13.353860 739.000000
13.370776 740.000000
13.387296 741.000000
13.404524 742.000000
13.422116 743.000000
13.439156 744.000000
13.457356 745.000000
13.473448 746.000000
13.490640 747.000000
13.506992 748.000000
13.523700 749.000000
13.541260 750.000000
13.558868 751.000000
13.576264 752.000000
13.593284 753.000000
13.610140 754.000000
13.628360 755.000000
13.644968 756.000000
13.662096 757.000000
13.679584 758.000000
14.034800 759.000000
14.051152 760.000000
14.068132 761.000000
14.084956 762.000000
14.102216 763.000000
14.119572 764.000000
14.136676 765.000000
14.154360 766.000000
14.170672 767.000000
14.187612 768.000000
14.204080 769.000000
14.220484 770.000000
14.237696 771.000000
14.255204 772.000000
14.272556 773.000000
14.289560 774.000000
14.306148 775.000000
14.324692 776.000000
14.341452 777.000000
14.357928 778.000000
14.375680 779.000000
14.393508 780.000000
14.412128 781.000000
14.430076 782.000000
14.448244 783.000000
14.466540 784.000000
14.485800 785.000000
14.503048 786.000000
14.523236 787.000000
14.543364 788.000000
14.563080 789.000000
14.582700 790.000000
14.602140 791.000000
14.621696 792.000000
14.642056 793.000000
14.662060 794.000000
14.681328 795.000000
14.701068 796.000000
14.721024 797.000000
14.760832 798.000000
15.035400 799.000000
15.052616 800.000000
15.071280 801.000000
15.088288 802.000000
15.105936 803.000000
15.123992 804.000000
15.142140 805.000000
15.161096 806.000000
15.179460 807.000000
15.198156 808.000000
15.216928 809.000000
15.236800 810.000000
15.254416 811.000000
15.275400 812.000000
15.296516 813.000000
15.317324 814.000000
15.337628 815.000000
15.358140 816.000000
15.378748 817.000000
15.400452 818.000000
15.421976 819.000000
15.442468 820.000000
15.463324 821.000000
15.485004 822.000000
15.508232 823.000000
15.529432 824.000000
15.549520 825.000000
15.570996 826.000000
15.592156 827.000000
15.613916 828.000000
15.635760 829.000000
15.990696 830.000000
16.010635 831.000000
16.030661 832.000000
16.051825 833.000000
16.070820 834.000000
16.092903 835.000000
16.115419 836.000000
16.137672 837.000000
16.159485 838.000000
16.181255 839.000000
16.317656 840.000000
16.343620 841.000000
16.366743 842.000000
16.387980 843.000000
16.411364 844.000000
16.434204 845.000000
16.458103 846.000000
16.482224 847.000000
16.505764 848.000000
16.529505 849.000000
16.551924 850.000000
16.870264 851.000000
16.897221 852.000000
16.923351 853.000000
16.949375 854.000000
16.975780 855.000000
17.004112 856.000000
17.028824 857.000000
17.210279 858.000000
17.242620 859.000000
17.274605 860.000000
17.306168 861.000000
17.337692 862.000000
17.370316 863.000000
17.679651 864.000000
17.712219 865.000000
17.745432 866.000000
17.778925 867.000000
17.812441 868.000000
17.847244 869.000000
17.883516 870.000000
17.920073 871.000000
17.955576 872.000000
17.992332 873.000000
18.038404 874.000000
18.081192 875.000000
18.124992 876.000000
18.174360 877.000000
18.225176 878.000000
18.607679 879.000000
18.650469 880.000000
18.693192 881.000000
18.735004 882.000000
18.777599 883.000000
18.823011 884.000000
18.911749 885.000000
18.958376 886.000000
19.007889 887.000000
19.061728 888.000000
19.112764 889.000000
19.841433 890.000000
20.121231 891.000000
20.385340 892.000000
20.619087 893.000000
21.037443 894.000000
21.561552 895.000000
22.297720 896.000000
22.533373 897.000000
22.806265 898.000000
23.286291 899.000000
23.901932 900.000000
24.387756 901.000000
25.118896 902.000000
26.103144 903.000000
27.362823 904.000000
27.853989 905.000000
28.071028 906.000000
28.722544 907.000000
29.766979 908.000000
30.376659 909.000000
30.811504 910.000000
31.301027 911.000000
32.002377 912.000000
33.603836 913.000000
34.230816 914.000000
34.699108 915.000000
35.137997 916.000000
35.773235 917.000000
36.950569 918.000000
37.539825 919.000000
38.013149 920.000000
38.622116 921.000000
39.674034 922.000000
41.191406 923.000000
41.971626 924.000000
43.112991 925.000000
43.869118 926.000000
44.840389 927.000000
45.752197 928.000000
48.210392 929.000000
49.234997 930.000000
51.939419 931.000000
53.938698 932.000000
55.242256 933.000000
55.724751 934.000000
55.819927 935.000000
56.425163 936.000000
57.867115 937.000000
73.000465 938.000000
73.078415 939.000000
73.138863 940.000000
73.202835 941.000000
73.279953 942.000000
73.388557 943.000000
73.644318 944.000000
73.719849 945.000000
73.784943 946.000000
74.070175 947.000000
74.181427 948.000000
74.277557 949.000000
74.347504 950.000000
74.417442 951.000000
74.482162 952.000000
74.556259 953.000000
74.642593 954.000000
74.710030 955.000000
74.774147 956.000000
74.839470 957.000000
74.909889 958.000000
74.980637 959.000000
75.044914 960.000000
75.099213 961.000000
75.153656 962.000000
75.206718 963.000000
75.267746 964.000000
75.329521 965.000000
75.388817 966.000000
75.446098 967.000000
75.501823 968.000000
75.560516 969.000000
75.616608 970.000000
75.678986 971.000000
75.746399 972.000000
75.805283 973.000000
75.858688 974.000000
75.912560 975.000000
75.971138 976.000000
76.032974 977.000000
76.096016 978.000000
76.160080 979.000000
76.223267 980.000000
76.289040 981.000000
76.360001 982.000000
76.434097 983.000000
76.494209 984.000000
76.557884 985.000000
76.615829 986.000000
76.674957 987.000000
76.734711 988.000000
76.799103 989.000000
76.860931 990.000000
76.921761 991.000000
76.976372 992.000000
77.030975 993.000000
77.091782 994.000000
77.144402 995.000000
77.202644 996.000000
77.258942 997.000000
77.311569 998.000000
77.363403 999.000000
77.411278 1000.000000
77.458435 1001.000000
77.509895 1002.000000
77.558739 1003.000000
77.612343 1004.000000
77.663475 1005.000000
77.710579 1006.000000
77.759171 1007.000000
77.808159 1008.000000
77.859596 1009.000000
77.907784 1010.000000
77.959808 1011.000000
78.014839 1012.000000
78.064735 1013.000000
78.112900 1014.000000
78.160706 1015.000000
78.212639 1016.000000
78.266701 1017.000000
78.321213 1018.000000
78.376549 1019.000000
78.431374 1020.000000
78.485725 1021.000000
78.540749 1022.000000
78.597260 1023.000000
78.646545 1024.000000
78.703964 1025.000000
78.758995 1026.000000
78.813774 1027.000000
78.865021 1028.000000
78.917328 1029.000000
78.967560 1030.000000
79.018562 1031.000000
79.066902 1032.000000
79.116570 1033.000000
79.169090 1034.000000
79.216141 1035.000000
79.263206 1036.000000
79.309502 1037.000000
79.357376 1038.000000
79.403511 1039.000000
79.449944 1040.000000
79.495407 1041.000000
79.541786 1042.000000
79.585106 1043.000000
79.631058 1044.000000
79.675865 1045.000000
79.720566 1046.000000
79.765907 1047.000000
79.812477 1048.000000
79.856422 1049.000000
79.900719 1050.000000
79.942657 1051.000000
79.991814 1052.000000
80.036835 1053.000000
80.081505 1054.000000
80.127022 1055.000000
80.175201 1056.000000
80.225693 1057.000000
80.275505 1058.000000
80.324097 1059.000000
80.372543 1060.000000
80.420433 1061.000000
80.470123 1062.000000
80.520462 1063.000000
80.564240 1064.000000
80.615105 1065.000000
80.664001 1066.000000
80.713211 1067.000000
80.760849 1068.000000
80.809059 1069.000000
80.854469 1070.000000
80.901344 1071.000000
80.943497 1072.000000
80.987999 1073.000000
81.036255 1074.000000
81.079712 1075.000000
81.123566 1076.000000
81.168510 1077.000000
81.213020 1078.000000
81.256096 1079.000000
81.297699 1080.000000
81.337830 1081.000000
81.380211 1082.000000
81.420654 1083.000000
81.465675 1084.000000
81.509499 1085.000000
81.552467 1086.000000
81.594704 1087.000000
81.635521 1088.000000
81.677696 1089.000000
81.716835 1090.000000
81.759384 1091.000000
81.806892 1092.000000
81.851471 1093.000000
81.894577 1094.000000
81.936630 1095.000000
81.981094 1096.000000
82.025841 1097.000000
82.070152 1098.000000
82.114754 1099.000000
82.160088 1100.000000
82.206764 1101.000000
82.255409 1102.000000
82.304527 1103.000000
82.346352 1104.000000
82.393921 1105.000000
82.437950 1106.000000
82.482147 1107.000000
82.525490 1108.000000
82.570724 1109.000000
82.614738 1110.000000
82.660706 1111.000000
82.702164 1112.000000
82.744873 1113.000000
82.790039 1114.000000
82.829948 1115.000000
82.869843 1116.000000
82.911560 1117.000000
82.953728 1118.000000
82.995422 1119.000000
83.036163 1120.000000
83.075356 1121.000000
83.116096 1122.000000
83.154274 1123.000000
83.196274 1124.000000
83.237038 1125.000000
83.277573 1126.000000
83.318001 1127.000000
83.357506 1128.000000
83.398621 1129.000000
83.436638 1130.000000
83.477249 1131.000000
83.521759 1132.000000
83.563698 1133.000000
83.604195 1134.000000
83.644157 1135.000000
83.686867 1136.000000
83.730347 1137.000000
83.773949 1138.000000
83.817719 1139.000000
83.861710 1140.000000
83.906242 1141.000000
83.951469 1142.000000
83.996681 1143.000000
84.035553 1144.000000
84.080467 1145.000000
84.123558 1146.000000
84.167358 1147.000000
84.210670 1148.000000
84.255562 1149.000000
84.297920 1150.000000
84.341057 1151.000000
84.379654 1152.000000
84.419937 1153.000000
84.463486 1154.000000
84.503014 1155.000000
84.542992 1156.000000
84.584541 1157.000000
84.625969 1158.000000
84.666206 1159.000000
84.705009 1160.000000
84.742241 1161.000000
84.781136 1162.000000
84.818321 1163.000000
84.860031 1164.000000
84.901169 1165.000000
84.941971 1166.000000
84.981842 1167.000000
85.020432 1168.000000
85.059906 1169.000000
85.096481 1170.000000
85.135712 1171.000000
85.179619 1172.000000
85.221397 1173.000000
85.262466 1174.000000
85.302628 1175.000000
85.344963 1176.000000
85.387505 1177.000000
85.429619 1178.000000
85.471855 1179.000000
85.514687 1180.000000
85.558846 1181.000000
85.604263 1182.000000
85.649773 1183.000000
85.689201 1184.000000
85.733711 1185.000000
85.776161 1186.000000
85.818001 1187.000000
85.859711 1188.000000
85.902237 1189.000000
85.944214 1190.000000
85.987427 1191.000000
86.026848 1192.000000
86.067719 1193.000000
86.111443 1194.000000
86.150291 1195.000000
86.189186 1196.000000
86.229340 1197.000000
86.269890 1198.000000
86.309715 1199.000000
86.348480 1200.000000
86.386292 1201.000000
86.425682 1202.000000
86.463058 1203.000000
86.504158 1204.000000
86.544060 1205.000000
86.583496 1206.000000
86.622673 1207.000000
86.660667 1208.000000
86.700058 1209.000000
86.736732 1210.000000
86.776382 1211.000000
86.820450 1212.000000
86.861771 1213.000000
86.901665 1214.000000
86.940735 1215.000000
86.982178 1216.000000
87.024094 1217.000000
87.065811 1218.000000
87.107903 1219.000000
87.150604 1220.000000
87.194527 1221.000000
87.239471 1222.000000
87.284401 1223.000000
87.322655 1224.000000
87.366310 1225.000000
87.407776 1226.000000
87.449974 1227.000000
87.492111 1228.000000
87.535843 1229.000000
87.578125 1230.000000
87.621017 1231.000000
87.659561 1232.000000
87.699036 1233.000000
87.741661 1234.000000
87.780243 1235.000000
87.819565 1236.000000
87.860786 1237.000000
87.902077 1238.000000
87.942192 1239.000000
87.980782 1240.000000
88.017700 1241.000000
88.056335 1242.000000
88.093079 1243.000000
88.134178 1244.000000
88.174484 1245.000000
88.214478 1246.000000
88.254143 1247.000000
88.292435 1248.000000
88.331757 1249.000000
88.368126 1250.000000
88.406921 1251.000000
88.450531 1252.000000
88.491272 1253.000000
88.531586 1254.000000
88.571533 1255.000000
88.613487 1256.000000
88.655899 1257.000000
88.697266 1258.000000
88.738960 1259.000000
88.780968 1260.000000
88.823982 1261.000000
88.868752 1262.000000
88.914719 1263.000000
88.954750 1264.000000
88.999680 1265.000000
89.042191 1266.000000
89.084259 1267.000000
89.125435 1268.000000
89.167679 1269.000000
89.209084 1270.000000
89.252525 1271.000000
89.291809 1272.000000
89.333023 1273.000000
89.376808 1274.000000
89.415977 1275.000000
89.454659 1276.000000
89.495056 1277.000000
89.535225 1278.000000
89.575287 1279.000000
89.614250 1280.000000
89.652725 1281.000000
89.692673 1282.000000
89.730820 1283.000000
89.772102 1284.000000
89.812149 1285.000000
89.851486 1286.000000
89.890953 1287.000000
89.929245 1288.000000
89.969238 1289.000000
90.006676 1290.000000
90.047150 1291.000000
90.091873 1292.000000
90.133507 1293.000000
90.173660 1294.000000
90.213043 1295.000000
90.254852 1296.000000
90.297646 1297.000000
90.340569 1298.000000
90.384178 1299.000000
90.428093 1300.000000
90.472939 1301.000000
90.518013 1302.000000
90.563667 1303.000000
90.602837 1304.000000
90.648659 1305.000000
90.692329 1306.000000
90.736504 1307.000000
90.779755 1308.000000
90.823997 1309.000000
90.866508 1310.000000
90.909821 1311.000000
90.949486 1312.000000
90.991089 1313.000000
91.035828 1314.000000
91.076241 1315.000000
91.116600 1316.000000
91.158447 1317.000000
91.200218 1318.000000
91.241302 1319.000000
91.281151 1320.000000
91.319923 1321.000000
91.360634 1322.000000
91.399597 1323.000000
91.442513 1324.000000
91.484207 1325.000000
91.524879 1326.000000
91.565483 1327.000000
91.604897 1328.000000
91.646103 1329.000000
91.684380 1330.000000
91.725670 1331.000000
91.771484 1332.000000
91.814529 1333.000000
91.856125 1334.000000
91.897255 1335.000000
91.940880 1336.000000
91.985344 1337.000000
92.029732 1338.000000
92.074432 1339.000000
92.119423 1340.000000
92.165413 1341.000000
92.212685 1342.000000
92.260414 1343.000000
92.301590 1344.000000
92.348862 1345.000000
92.393791 1346.000000
92.439133 1347.000000
92.483665 1348.000000
92.529533 1349.000000
92.573715 1350.000000
92.619362 1351.000000
92.660767 1352.000000
92.703766 1353.000000
92.749947 1354.000000
92.791054 1355.000000
92.832512 1356.000000
92.875542 1357.000000
92.918953 1358.000000
92.961555 1359.000000
93.003006 1360.000000
93.042961 1361.000000
93.084854 1362.000000
93.124672 1363.000000
93.168739 1364.000000
93.211922 1365.000000
93.254509 1366.000000
93.297012 1367.000000
93.338127 1368.000000
93.380760 1369.000000
93.420128 1370.000000
93.462563 1371.000000
93.509979 1372.000000
93.554558 1373.000000
93.597870 1374.000000
93.640579 1375.000000
93.686035 1376.000000
93.732269 1377.000000
93.778549 1378.000000
93.824974 1379.000000
93.871994 1380.000000
93.919922 1381.000000
93.969635 1382.000000
94.019554 1383.000000
94.063011 1384.000000
94.113083 1385.000000
94.160706 1386.000000
94.208443 1387.000000
94.255325 1388.000000
94.303123 1389.000000
94.349258 1390.000000
94.397339 1391.000000
94.440834 1392.000000
94.486191 1393.000000
94.534355 1394.000000
94.577362 1395.000000
94.620605 1396.000000
94.665550 1397.000000
94.711174 1398.000000
94.755920 1399.000000
94.799332 1400.000000
94.841202 1401.000000
94.884850 1402.000000
94.926270 1403.000000
94.972061 1404.000000
95.017120 1405.000000
95.062195 1406.000000
95.106941 1407.000000
95.150291 1408.000000
95.195015 1409.000000
95.236206 1410.000000
95.280647 1411.000000
95.330093 1412.000000
95.377022 1413.000000
95.423088 1414.000000
95.468719 1415.000000
95.517281 1416.000000
95.566093 1417.000000
95.614510 1418.000000
95.663597 1419.000000
95.713737 1420.000000
95.765854 1421.000000
95.819588 1422.000000
95.873169 1423.000000
95.918945 1424.000000
95.971275 1425.000000
96.021400 1426.000000
96.072769 1427.000000
96.123810 1428.000000
96.176399 1429.000000
96.226547 1430.000000
96.277763 1431.000000
96.323723 1432.000000
96.371849 1433.000000
96.423820 1434.000000
96.470512 1435.000000
96.517204 1436.000000
96.565559 1437.000000
96.613823 1438.000000
96.661247 1439.000000
96.707214 1440.000000
96.751938 1441.000000
96.798958 1442.000000
96.843521 1443.000000
96.892464 1444.000000
96.940353 1445.000000
96.987984 1446.000000
97.035515 1447.000000
97.081993 1448.000000
97.130325 1449.000000
97.175133 1450.000000
97.223099 1451.000000
97.276627 1452.000000
97.327034 1453.000000
97.377022 1454.000000
97.426498 1455.000000
97.479683 1456.000000
97.533340 1457.000000
97.586700 1458.000000
97.640060 1459.000000
97.694717 1460.000000
97.752113 1461.000000
97.812035 1462.000000
97.871880 1463.000000
97.922447 1464.000000
97.980339 1465.000000
98.035683 1466.000000
98.092735 1467.000000
98.149536 1468.000000
98.208160 1469.000000
98.263855 1470.000000
98.321152 1471.000000
98.372452 1472.000000
98.426079 1473.000000
98.483879 1474.000000
98.534920 1475.000000
98.586067 1476.000000
98.639175 1477.000000
98.692635 1478.000000
98.745316 1479.000000
98.796432 1480.000000
98.845314 1481.000000
98.896019 1482.000000
98.944305 1483.000000
98.998093 1484.000000
99.051353 1485.000000
99.104210 1486.000000
99.156654 1487.000000
99.207390 1488.000000
99.260101 1489.000000
99.309341 1490.000000
99.362808 1491.000000
99.422882 1492.000000
99.479683 1493.000000
99.535294 1494.000000
99.590431 1495.000000
99.649872 1496.000000
99.710777 1497.000000
99.771858 1498.000000
99.833969 1499.000000
99.897263 1500.000000
99.962868 1501.000000
100.032097 1502.000000
100.102211 1503.000000
100.161423 1504.000000
100.229073 1505.000000
100.293816 1506.000000
100.360558 1507.000000
100.426521 1508.000000
100.494225 1509.000000
100.558800 1510.000000
100.625832 1511.000000
100.686531 1512.000000
100.749298 1513.000000
100.815948 1514.000000
100.874611 1515.000000
100.933167 1516.000000
100.994682 1517.000000
101.056351 1518.000000
101.116463 1519.000000
101.174126 1520.000000
101.229477 1521.000000
101.287651 1522.000000
101.343269 1523.000000
101.405098 1524.000000
101.465546 1525.000000
101.525368 1526.000000
101.584976 1527.000000
101.643112 1528.000000
101.704041 1529.000000
101.760925 1530.000000
101.822685 1531.000000
101.892471 1532.000000
101.959152 1533.000000
102.025414 1534.000000
102.091644 1535.000000
102.163200 1536.000000
102.236427 1537.000000
102.311188 1538.000000
102.388657 1539.000000
102.468643 1540.000000
102.551437 1541.000000
102.638062 1542.000000
102.728333 1543.000000
102.807053 1544.000000
102.895439 1545.000000
102.979172 1546.000000
103.066208 1547.000000
103.152756 1548.000000
103.240158 1549.000000
103.323761 1550.000000
103.412094 1551.000000
103.490768 1552.000000
103.569763 1553.000000
103.653091 1554.000000
103.728821 1555.000000
103.805618 1556.000000
103.882881 1557.000000
103.957932 1558.000000
104.031853 1559.000000
104.103996 1560.000000
104.173553 1561.000000
104.245049 1562.000000
104.312370 1563.000000
104.388382 1564.000000
104.463646 1565.000000
104.538063 1566.000000
104.611305 1567.000000
104.683266 1568.000000
104.760109 1569.000000
104.833359 1570.000000
104.912277 1571.000000
105.002029 1572.000000
105.093025 1573.000000
105.182533 1574.000000
105.271362 1575.000000
105.373543 1576.000000
105.483513 1577.000000
105.597565 1578.000000
105.721245 1579.000000
105.858162 1580.000000
106.007378 1581.000000
106.180779 1582.000000
106.364258 1583.000000
106.531036 1584.000000
106.728546 1585.000000
106.927567 1586.000000
107.128654 1587.000000
107.333298 1588.000000
107.544930 1589.000000
107.737770 1590.000000
107.935265 1591.000000
108.101196 1592.000000
108.267311 1593.000000
108.434029 1594.000000
108.577133 1595.000000
108.711746 1596.000000
108.849266 1597.000000
108.979645 1598.000000
109.107376 1599.000000
109.224541 1600.000000
109.336945 1601.000000
109.455276 1602.000000
109.567337 1603.000000
109.690514 1604.000000
109.817001 1605.000000
109.940239 1606.000000
110.064964 1607.000000
110.195587 1608.000000
110.331696 1609.000000
110.470581 1610.000000
110.643753 1611.000000
110.870712 1612.000000
111.152863 1613.000000
112.162712 1614.000000
112.432144 1615.000000
112.648033 1616.000000
112.822289 1617.000000
112.965218 1618.000000
113.114075 1619.000000
113.248451 1620.000000
113.390816 1621.000000
113.528946 1622.000000
113.667885 1623.000000
113.814674 1624.000000
113.951408 1625.000000
114.100563 1626.000000
114.249855 1627.000000
114.411377 1628.000000
114.594803 1629.000000
114.805313 1630.000000
115.060631 1631.000000
115.431328 1632.000000
116.431694 1633.000000
116.766541 1634.000000
117.021118 1635.000000
117.238365 1636.000000
117.429939 1637.000000
117.604378 1638.000000
117.768242 1639.000000
117.933983 1640.000000
118.090340 1641.000000
118.261505 1642.000000
118.432236 1643.000000
118.604805 1644.000000
118.787491 1645.000000
118.976524 1646.000000
119.202705 1647.000000
119.472832 1648.000000
120.283691 1649.000000
120.756195 1650.000000
121.010414 1651.000000
121.237282 1652.000000
121.434387 1653.000000
121.629105 1654.000000
121.823021 1655.000000
122.009315 1656.000000
122.214912 1657.000000
122.408012 1658.000000
122.625122 1659.000000
122.858574 1660.000000
123.136993 1661.000000
123.549530 1662.000000
124.612900 1663.000000
124.994194 1664.000000
125.273346 1665.000000
125.511604 1666.000000
125.741394 1667.000000
125.950119 1668.000000
126.174690 1669.000000
126.393585 1670.000000
126.618530 1671.000000
126.859474 1672.000000
127.129646 1673.000000
127.510017 1674.000000
128.621948 1675.000000
128.976898 1676.000000
129.245773 1677.000000
129.500137 1678.000000
129.746826 1679.000000
129.992035 1680.000000
130.270035 1681.000000
130.551315 1682.000000
130.918091 1683.000000
131.518036 1684.000000
132.368774 1685.000000
132.896500 1686.000000
133.296097 1687.000000
133.605255 1688.000000
133.921234 1689.000000
134.222214 1690.000000
134.534378 1691.000000
134.913300 1692.000000
135.508713 1693.000000
136.214890 1694.000000
136.749329 1695.000000
137.128632 1696.000000
137.468903 1697.000000
137.803101 1698.000000
138.216187 1699.000000
138.741669 1700.000000
140.143005 1701.000000
140.608429 1702.000000
141.020035 1703.000000
141.371033 1704.000000
141.716995 1705.000000
142.114960 1706.000000
142.757019 1707.000000
143.462662 1708.000000
144.005051 1709.000000
144.405350 1710.000000
144.776062 1711.000000
145.146927 1712.000000
145.635803 1713.000000
146.594101 1714.000000
147.090332 1715.000000
147.749725 1716.000000
148.227676 1717.000000
148.622635 1718.000000
149.007874 1719.000000
149.474228 1720.000000
150.465759 1721.000000
151.312210 1722.000000
151.780869 1723.000000
152.207489 1724.000000
152.660095 1725.000000
153.342117 1726.000000
154.735168 1727.000000
155.408615 1728.000000
155.922714 1729.000000
156.481537 1730.000000
157.944489 1731.000000
158.885956 1732.000000
159.549042 1733.000000
160.419525 1734.000000
161.817245 1735.000000
162.702530 1736.000000
163.800766 1737.000000
165.020370 1738.000000
165.968231 1739.000000
166.818207 1740.000000
168.830490 1741.000000
169.790115 1742.000000
170.972214 1743.000000
172.065918 1744.000000
173.239258 1745.000000
175.481689 1746.000000
177.066910 1747.000000
179.970490 1748.000000
183.246719 1749.000000
186.583191 1750.000000
190.222137 1751.000000
191.844025 1752.000000
192.580063 1753.000000
193.839645 1754.000000
196.933594 1755.000000
200.188599 1756.000000
201.916626 1757.000000
202.139297 1758.000000
204.328842 1759.000000
206.519775 1760.000000
210.002838 1761.000000
213.114044 1762.000000
215.634903 1763.000000
215.882111 1764.000000
218.708481 1765.000000
220.450531 1766.000000
222.138809 1767.000000
223.445053 1768.000000
227.056259 1769.000000
229.972076 1770.000000
232.077255 1771.000000
237.970978 1772.000000
240.227066 1773.000000
241.542007 1774.000000
245.381760 1775.000000
252.204010 1776.000000
255.622589 1777.000000
258.849609 1778.000000
262.822083 1779.000000
265.558533 1780.000000
266.831665 1781.000000
269.595490 1782.000000
271.099945 1783.000000
273.139008 1784.000000
274.430084 1785.000000
276.622223 1786.000000
